\begin{tabular}{lrrrrrrrrrrrr}
\toprule
 & $b_{0}$ & $b_{1}$ & $b_{2}$ & $b_{3}$ & $b_{4}$ & $b_{5}$ & $b_{6}$ & $b_{7}$ & $b_{8}$ & $b_{9}$ & $b_{10}$ & $b_{11}$ \\
\midrule
$a_{0}$ & 0.886193 & 0.027380 & 0.027380 & 0.000847 & 0.027380 & 0.000847 & 0.000847 & 0.000026 & 0.027380 & 0.000847 & 0.000847 & 0.000026 \\
$a_{1}$ & 0.027380 & 0.886193 & 0.000847 & 0.027380 & 0.000847 & 0.027380 & 0.000026 & 0.000847 & 0.000847 & 0.027380 & 0.000026 & 0.000847 \\
$a_{2}$ & 0.027380 & 0.000847 & 0.886193 & 0.027380 & 0.000847 & 0.000026 & 0.027380 & 0.000847 & 0.000847 & 0.000026 & 0.027380 & 0.000847 \\
$a_{3}$ & 0.000847 & 0.027380 & 0.027380 & 0.886193 & 0.000026 & 0.000847 & 0.000847 & 0.027380 & 0.000026 & 0.000847 & 0.000847 & 0.027380 \\
$a_{4}$ & 0.027380 & 0.000847 & 0.000847 & 0.000026 & 0.914393 & 0.027380 & 0.027380 & 0.000847 & 0.000847 & 0.000026 & 0.000026 & 0.000001 \\
$a_{5}$ & 0.000847 & 0.027380 & 0.000026 & 0.000847 & 0.027380 & 0.914393 & 0.000847 & 0.027380 & 0.000026 & 0.000847 & 0.000001 & 0.000026 \\
$a_{6}$ & 0.000847 & 0.000026 & 0.027380 & 0.000847 & 0.027380 & 0.000847 & 0.914393 & 0.027380 & 0.000026 & 0.000001 & 0.000847 & 0.000026 \\
$a_{7}$ & 0.000026 & 0.000847 & 0.000847 & 0.027380 & 0.000847 & 0.027380 & 0.027380 & 0.914393 & 0.000001 & 0.000026 & 0.000026 & 0.000847 \\
$a_{8}$ & 0.027380 & 0.000847 & 0.000847 & 0.000026 & 0.000847 & 0.000026 & 0.000026 & 0.000001 & 0.914393 & 0.027380 & 0.027380 & 0.000847 \\
$a_{9}$ & 0.000847 & 0.027380 & 0.000026 & 0.000847 & 0.000026 & 0.000847 & 0.000001 & 0.000026 & 0.027380 & 0.914393 & 0.000847 & 0.027380 \\
$a_{10}$ & 0.000847 & 0.000026 & 0.027380 & 0.000847 & 0.000026 & 0.000001 & 0.000847 & 0.000026 & 0.027380 & 0.000847 & 0.914393 & 0.027380 \\
$a_{11}$ & 0.000026 & 0.000847 & 0.000847 & 0.027380 & 0.000001 & 0.000026 & 0.000026 & 0.000847 & 0.000847 & 0.027380 & 0.027380 & 0.914393 \\
\bottomrule
\end{tabular}
