\begin{tabular}{rrrrrrrrrrrr}
\toprule
$b_0$ & $b_1$ & $b_2$ & $b_3$ & $b_4$ & $b_5$ & $b_6$ & $b_7$ & $b_8$ & $b_9$ & $b_10$ & $b_11$ \\
\midrule
0.118576 & 0.009950 & 0.006634 & 0.054727 & 0.006634 & 0.019072 & 0.002488 & 0.035656 & 0.014926 & 0.034827 & 0.002488 & 0.033168 \\
0.009950 & 0.000835 & 0.000557 & 0.004593 & 0.000557 & 0.001600 & 0.000209 & 0.002992 & 0.001253 & 0.002923 & 0.000209 & 0.002783 \\
0.006634 & 0.000557 & 0.000371 & 0.003062 & 0.000371 & 0.001067 & 0.000139 & 0.001995 & 0.000835 & 0.001948 & 0.000139 & 0.001856 \\
0.054727 & 0.004593 & 0.003062 & 0.025259 & 0.003062 & 0.008802 & 0.001148 & 0.016457 & 0.006889 & 0.016074 & 0.001148 & 0.015308 \\
0.006634 & 0.000557 & 0.000371 & 0.003062 & 0.000371 & 0.001067 & 0.000139 & 0.001995 & 0.000835 & 0.001948 & 0.000139 & 0.001856 \\
0.019072 & 0.001600 & 0.001067 & 0.008802 & 0.001067 & 0.003067 & 0.000400 & 0.005735 & 0.002401 & 0.005601 & 0.000400 & 0.005335 \\
0.002488 & 0.000209 & 0.000139 & 0.001148 & 0.000139 & 0.000400 & 0.000052 & 0.000748 & 0.000313 & 0.000731 & 0.000052 & 0.000696 \\
0.035656 & 0.002992 & 0.001995 & 0.016457 & 0.001995 & 0.005735 & 0.000748 & 0.010722 & 0.004488 & 0.010472 & 0.000748 & 0.009974 \\
0.014926 & 0.001253 & 0.000835 & 0.006889 & 0.000835 & 0.002401 & 0.000313 & 0.004488 & 0.001879 & 0.004384 & 0.000313 & 0.004175 \\
0.034827 & 0.002923 & 0.001948 & 0.016074 & 0.001948 & 0.005601 & 0.000731 & 0.010472 & 0.004384 & 0.010229 & 0.000731 & 0.009742 \\
0.002488 & 0.000209 & 0.000139 & 0.001148 & 0.000139 & 0.000400 & 0.000052 & 0.000748 & 0.000313 & 0.000731 & 0.000052 & 0.000696 \\
0.033168 & 0.002783 & 0.001856 & 0.015308 & 0.001856 & 0.005335 & 0.000696 & 0.009974 & 0.004175 & 0.009742 & 0.000696 & 0.009278 \\
\bottomrule
\end{tabular}
